1 73 102 
0 4 73 102 
3 15 16 46 48 76 90 93 137 
2 16 76 90 93 137 
1 27 28 127 
6 24 67 69 84 110 115 
5 69 84 182 
8 47 53 176 
7 21 63 113 135 138 
10 60 103 121 143 167 184 
9 13 60 103 121 167 
12 17 18 25 26 31 32 58 63 74 77 78 86 103 213 
11 17 18 25 26 31 32 58 63 74 77 78 86 
10 14 36 37 41 42 59 61 64 75 83 92 
13 40 42 59 61 64 83 87 
2 16 76 90 147 
2 3 15 76 90 93 132 137 
11 12 18 25 26 31 32 58 63 74 77 78 86 
11 12 17 25 26 31 32 58 63 74 77 78 86 
20 67 68 69 95 108 109 110 140 
19 69 101 108 110 140 
8 22 24 47 53 69 95 107 113 135 
21 50 70 155 156 
24 68 69 110 124 
5 21 23 47 95 108 
11 12 17 18 26 31 32 58 63 74 77 78 86 
11 12 17 18 25 31 32 58 63 74 77 78 86 
4 28 44 127 149 160 
4 27 44 45 127 160 
30 33 85 114 
29 33 85 114 
11 12 17 18 25 26 32 58 63 74 77 78 86 
11 12 17 18 25 26 31 58 63 74 77 78 86 
29 30 85 114 136 
35 67 84 100 115 
34 47 62 67 69 100 110 115 124 132 140 
13 37 75 83 92 148 
13 36 75 83 85 92 114 148 203 
39 142 
38 142 
14 41 42 43 59 61 64 75 87 
13 40 42 59 61 64 75 87 
13 14 40 41 43 59 61 64 75 83 87 
40 42 59 61 87 
27 28 45 131 141 149 
28 44 141 168 
2 90 221 
7 21 24 35 50 53 67 69 95 101 107 110 113 132 
2 65 125 126 145 147 164 181 
50 56 69 95 
22 47 49 56 69 95 108 
52 99 150 161 
51 57 98 99 150 153 
7 21 47 
55 94 144 
54 94 144 
49 50 69 95 100 110 
52 98 99 153 
11 12 17 18 25 26 31 32 63 74 77 78 86 
13 14 40 41 42 43 61 64 75 83 87 90 93 136 
9 10 103 121 167 169 196 
13 14 40 41 42 43 59 62 64 75 83 87 132 
35 61 66 67 100 115 124 126 132 170 
8 11 12 17 18 25 26 31 32 58 74 77 78 86 
13 14 40 41 42 59 61 75 87 
48 66 125 126 164 170 
62 65 126 128 170 
5 19 34 35 47 62 68 69 80 84 100 107 109 110 115 124 132 140 
19 23 67 69 80 84 95 110 130 140 182 
5 6 19 20 21 23 35 47 49 50 56 67 68 70 79 80 84 95 100 101 107 108 109 110 115 124 130 132 140 212 
22 69 109 115 155 
72 97 209 
71 96 97 185 
0 1 102 
11 12 17 18 25 26 31 32 58 63 77 78 86 
13 36 37 40 41 42 59 61 64 83 216 
2 3 15 16 90 93 137 
11 12 17 18 25 26 31 32 58 63 74 78 86 
11 12 17 18 25 26 31 32 58 63 74 77 86 
69 
67 68 69 84 
82 154 
81 177 
13 14 36 37 42 59 61 75 151 152 
5 6 34 67 68 69 80 108 115 159 182 195 
29 30 33 37 114 
11 12 17 18 25 26 31 32 58 63 74 77 78 
14 40 41 42 43 59 61 64 
89 
88 
2 3 15 16 46 59 76 93 137 
92 
13 36 37 91 148 
2 3 16 59 76 90 137 
54 55 144 
19 21 24 47 49 50 56 68 69 108 140 
72 97 185 211 
71 72 96 185 
52 57 99 153 
51 52 57 98 153 
34 35 56 62 67 69 110 115 124 132 
20 47 69 108 
0 1 73 
9 10 11 60 104 116 121 143 167 184 196 214 215 
103 143 
106 
105 
21 47 67 69 132 
19 20 24 50 69 84 95 101 109 110 115 140 156 195 
19 67 69 70 108 110 
5 19 20 23 35 47 56 67 68 69 100 108 109 115 124 
112 
111 
8 21 47 135 
29 30 33 37 85 
5 34 35 62 67 69 70 84 100 108 110 124 132 
103 121 143 174 
118 
117 
120 208 
119 208 
9 10 60 103 116 143 184 
123 
122 
23 35 62 67 69 100 110 115 132 
48 65 126 164 
48 62 65 66 125 128 164 170 186 
4 27 28 160 
66 126 
130 182 
68 69 129 182 
44 141 
16 35 47 61 62 67 69 100 107 115 124 
134 178 
133 178 
8 21 113 
33 59 
2 3 16 76 90 93 
8 139 176 187 199 
138 
19 20 35 67 68 69 95 108 
44 45 131 
38 39 
9 103 104 116 121 184 214 
54 55 94 
48 146 
145 
15 48 164 181 
36 37 92 
27 44 
51 52 161 
83 152 
83 151 
52 57 98 99 
81 171 
22 70 156 
22 108 155 
158 
157 
84 183 
27 28 127 
51 150 206 
163 192 203 
162 
48 65 125 126 147 170 181 
166 
165 
9 10 60 103 
45 220 
60 197 
62 65 66 126 164 
154 
173 
172 
116 175 
174 
7 138 187 
82 
133 134 
180 198 
179 
48 147 164 
6 68 84 129 130 
159 
9 103 121 143 
72 96 97 211 
126 
138 176 
189 202 
188 202 
191 
190 
162 203 
194 
193 
84 108 
60 103 207 
169 
179 
138 
201 
200 
188 189 
37 162 192 
205 
204 
161 
196 
119 120 210 
71 
208 
96 185 
69 
11 
103 143 
103 
75 217 
216 
219 
218 
168 
46 
