7 69 67 110 35 100 115 124 
5 69 67 110 35 47 
5 69 67 110 5 115 
5 69 67 110 68 19 
5 69 67 110 109 19 
5 69 67 80 84 68 
5 69 67 107 132 47 
5 69 67 140 19 68 
4 69 67 140 35 
5 69 67 84 5 115 
7 69 67 132 35 100 115 124 
5 69 67 132 35 47 
4 69 6 5 84 
4 69 21 47 95 
4 69 21 47 107 
4 69 23 110 68 
4 69 23 110 124 
5 69 49 50 56 95 
4 69 101 20 108 
5 69 20 108 19 110 
5 69 20 108 19 140 
4 69 50 95 47 
4 69 50 95 108 
4 69 56 100 110 
5 69 95 140 19 68 
5 69 95 140 19 108 
4 69 108 84 115 
5 69 108 109 19 110 
4 69 108 115 110 
4 0 73 1 102 
4 54 55 94 144 
4 72 96 97 185 
4 116 143 103 121 
4 135 113 8 21 
4 148 92 36 37 
4 160 27 28 127 
4 181 147 48 164 
4 4 27 28 127 
5 29 30 33 85 114 
5 52 57 98 99 153 
4 66 170 126 62 
4 66 170 126 65 
4 92 13 36 37 
5 125 65 48 126 164 
5 167 60 9 10 103 
5 184 143 9 103 121 
5 15 76 2 16 90 
5 34 115 67 35 100 
4 34 115 67 84 
6 43 87 40 42 59 61 
5 60 121 9 10 103 
4 170 164 65 126 
7 3 137 2 16 76 90 93 
4 24 21 47 95 
5 36 37 13 75 83 
7 14 42 59 61 64 40 87 
6 14 42 59 61 64 13 
6 14 42 59 61 83 13 
7 41 64 42 59 61 40 75 
7 41 64 42 59 61 40 87 
7 41 64 42 59 61 13 75 
6 83 75 13 42 59 61 
7 62 124 35 67 100 115 132 
14 12 17 11 18 25 26 31 32 58 63 74 77 78 86 
